1 Michael 462085 2.2506
2 Christopher 361250 1.7595
3 Matthew 351477 1.7119
4 Joshua 328955 1.6022
5 Jacob 298016 1.4515
6 Nicholas 275222 1.3405
7 Andrew 272600 1.3277
8 Daniel 271734 1.3235
9 Tyler 262218 1.2771
10 Joseph 260365 1.2681
11 Brandon 259299 1.2629
12 David 253193 1.2332
13 James 244775 1.1922
14 Ryan 241105 1.1743
15 John 239730 1.1676
16 Zachary 225188 1.0968
17 Justin 220012 1.0716
18 William 217588 1.0598
19 Anthony 216088 1.0525
20 Robert 205313 1.0000
21 Jonathan 197250 0.9607
22 Austin 190053 0.9257
23 Alexander 183797 0.8952
24 Kyle 180151 0.8774
25 Kevin 165085 0.8041
26 Thomas 146515 0.7136
27 Cody 146426 0.7132
28 Jordan 144661 0.7046
29 Eric 135145 0.6582
30 Benjamin 133718 0.6513
31 Aaron 128202 0.6244
32 Christian 125899 0.6132
33 Samuel 125196 0.6098
34 Dylan 122008 0.5942
35 Steven 121009 0.5894
36 Brian 119216 0.5806
37 Jose 118843 0.5788
38 Timothy 107680 0.5245
39 Nathan 107229 0.5223
40 Adam 106822 0.5203
41 Richard 94805 0.4618
42 Patrick 92874 0.4523
43 Charles 92372 0.4499
44 Sean 91953 0.4479
45 Jason 91622 0.4462
46 Cameron 81097 0.3950
47 Jeremy 77749 0.3787
48 Mark 75751 0.3689
49 Stephen 75064 0.3656
50 Jesse 73701 0.3590
