1 Jessica 302962 1.5436
2 Ashley 301702 1.5372
3 Emily 237133 1.2082
4 Sarah 224000 1.1413
5 Samantha 223913 1.1408
6 Amanda 190901 0.9726
7 Brittany 190779 0.9720
8 Elizabeth 172383 0.8783
9 Taylor 168977 0.8609
10 Megan 160312 0.8168
11 Hannah 158647 0.8083
12 Kayla 155844 0.7940
13 Lauren 153530 0.7822
14 Stephanie 149725 0.7628
15 Rachel 148907 0.7587
16 Jennifer 147948 0.7538
17 Nicole 136033 0.6931
18 Alexis 131117 0.6680
19 Victoria 117386 0.5981
20 Amber 115551 0.5887
21 Alyssa 115213 0.5870
22 Courtney 113257 0.5770
23 Danielle 109541 0.5581
24 Rebecca 109514 0.5580
25 Jasmine 105247 0.5362
26 Brianna 99046 0.5046
27 Katherine 96812 0.4933
28 Alexandra 94743 0.4827
29 Madison 91870 0.4681
30 Morgan 91162 0.4645
31 Melissa 89932 0.4582
32 Michelle 86458 0.4405
33 Kelsey 85120 0.4337
34 Chelsea 84781 0.4320
35 Anna 78320 0.3990
36 Kimberly 77846 0.3966
37 Tiffany 77493 0.3948
38 Olivia 75854 0.3865
39 Mary 75247 0.3834
40 Christina 74601 0.3801
41 Allison 74398 0.3791
42 Abigail 72691 0.3704
43 Sara 72064 0.3672
44 Shelby 71974 0.3667
45 Heather 71603 0.3648
46 Haley 71168 0.3626
47 Maria 70741 0.3604
48 Kaitlyn 67544 0.3441
49 Laura 67109 0.3419
50 Erin 65312 0.3328
